[app/ui]
version = 6.6.3
modtime = 1508208967.436991400

[app/launcher]
version = 6.6.3
modtime = 1508208967.442003000
